10005 
1001 
10024 
1004 
10048 
1007 
1013 
1019 
1025 
1032 
1035 
1038 
1044 
1048 
1051 
1055 
1061 
1064 
10724 
1076 
1079 
1082 
1086 
1089 
1092 
1101 
1104 
1107 
1111 
1114 
1123 
1132 
1135 
1149 
1161 
1185 
11859 
11860 
11861 
11862 
11863 
11864 
11865 
11866 
11867 
11868 
11869 
11870 
11871 
11872 
11873 
11874 
11875 
11876 
11877 
11878 
11879 
11880 
11881 
11882 
11883 
11884 
11885 
11886 
11887 
11888 
11889 
1189 
11890 
11893 
11894 
11895 
11896 
11897 
11898 
11899 
11900 
11901 
11902 
11903 
11933 
11934 
11935 
11936 
11937 
11938 
11939 
11940 
11941 
11942 
11943 
11944 
11945 
11946 
11947 
11948 
11949 
11950 
11951 
11952 
11953 
11954 
11982 
11983 
11984 
11985 
11986 
11987 
11988 
11989 
1199 
11990 
11991 
11992 
11993 
12007 
12008 
12009 
12010 
12011 
12012 
12013 
12015 
12017 
12018 
12019 
12020 
12021 
12022 
12023 
12041 
12042 
12043 
12044 
12045 
12046 
12047 
12048 
12049 
12050 
12051 
12052 
12053 
12054 
12055 
12056 
12057 
12058 
12060 
12061 
12062 
12063 
12064 
12065 
12093 
12094 
12095 
12096 
12097 
12098 
12099 
12100 
12101 
12102 
12103 
12104 
12123 
12124 
12125 
12126 
12127 
12128 
12130 
12131 
12132 
12133 
12134 
12135 
12136 
12137 
12138 
12139 
12140 
12141 
12142 
12143 
12144 
12145 
12147 
12148 
12149 
12150 
12151 
12152 
12153 
12154 
12155 
12156 
12157 
12158 
12159 
12160 
12161 
12163 
12164 
12165 
12166 
12167 
12168 
12169 
12170 
12171 
12172 
12173 
12174 
12175 
12176 
12177 
12178 
12179 
12180 
12181 
12182 
12183 
12184 
12186 
12187 
12188 
12189 
12190 
12191 
12192 
12193 
12194 
12195 
12196 
12197 
12198 
12199 
12200 
12201 
12289 
12291 
12292 
12296 
12297 
12298 
12301 
12303 
12304 
12305 
12306 
12307 
12308 
12309 
12310 
12311 
12312 
12313 
12334 
12335 
12336 
12337 
12338 
12339 
12340 
12341 
12342 
12343 
12344 
12345 
12346 
12347 
12348 
12350 
12351 
12352 
12353 
12376 
12377 
12378 
12379 
12380 
12381 
12382 
12383 
12385 
12386 
12387 
12388 
12389 
12391 
12400 
12401 
12402 
12403 
12405 
12406 
12407 
12408 
12409 
12410 
12411 
12457 
12458 
12465 
12467 
12468 
12469 
12470 
12471 
12472 
12474 
12475 
12476 
12477 
12478 
12479 
12480 
12481 
12482 
12483 
12484 
12485 
12486 
12487 
12488 
12489 
12490 
12491 
12492 
12493 
12494 
12495 
12496 
12497 
12498 
12499 
12500 
12501 
12503 
12504 
12545 
12546 
12547 
12548 
12549 
12550 
12551 
12552 
12553 
12554 
12556 
12557 
12560 
12561 
12562 
12565 
12566 
12567 
12568 
12569 
12571 
12572 
12573 
12574 
12575 
12674 
12675 
12678 
12679 
12680 
12681 
12682 
12683 
12684 
12685 
12687 
12688 
12689 
12690 
12691 
12692 
12693 
12694 
12695 
12697 
12698 
12699 
12700 
12701 
12702 
12704 
12705 
12706 
12707 
12708 
12710 
12711 
1272 
12754 
12755 
12756 
12757 
12759 
12760 
12761 
12762 
12763 
12764 
12765 
12766 
12767 
12768 
12769 
12770 
12786 
12787 
12788 
12789 
1279 
12790 
12791 
12792 
12793 
12794 
12795 
12796 
12797 
12798 
12799 
12800 
12802 
12803 
12804 
12805 
12806 
12807 
12808 
12809 
12810 
12811 
12812 
12813 
12814 
12815 
12816 
12817 
12818 
12819 
12820 
12821 
12822 
12823 
12824 
1286 
12867 
12868 
12869 
12870 
12871 
12872 
12873 
12874 
12875 
12876 
12877 
12878 
12879 
12881 
12882 
12883 
12884 
12885 
12886 
12887 
12888 
12889 
12890 
12891 
12893 
12894 
12896 
12897 
12898 
12900 
12901 
12902 
12903 
12904 
12905 
12946 
12947 
12948 
12949 
12950 
12951 
12953 
12954 
12956 
12957 
12958 
12959 
12960 
12961 
12962 
12963 
12964 
12965 
12986 
12987 
12988 
12989 
12990 
12991 
12992 
12993 
12994 
12997 
12998 
12999 
13000 
13004 
13005 
13006 
13007 
13009 
13010 
13011 
13012 
13013 
13042 
13043 
13044 
13046 
13047 
13048 
13050 
13051 
13052 
13053 
13054 
13056 
13057 
13058 
13059 
13060 
13061 
13062 
13063 
13064 
13065 
13066 
13067 
13068 
13069 
13070 
13071 
13072 
13073 
13074 
13075 
13076 
13077 
13078 
13079 
13080 
13081 
13122 
13125 
13126 
13127 
13128 
13129 
13130 
13131 
13132 
13133 
13134 
13135 
13136 
13137 
13138 
13153 
13154 
13155 
13156 
13157 
13158 
13159 
13160 
13161 
13162 
13163 
13164 
13165 
13166 
13168 
13169 
13170 
13171 
13172 
13193 
13195 
13196 
13197 
13198 
13199 
13200 
13202 
13203 
13204 
13205 
13206 
13207 
13208 
13209 
13210 
13211 
13212 
13213 
13214 
13215 
13216 
13217 
13218 
13219 
13220 
13253 
13255 
13256 
13257 
13258 
13259 
13260 
13261 
13262 
13263 
13264 
13265 
13266 
13267 
13268 
13269 
13270 
13271 
13272 
13273 
13274 
13275 
13276 
13277 
13278 
13279 
13280 
13309 
13310 
13311 
13312 
13313 
13314 
13315 
13316 
13317 
13318 
13319 
13320 
13321 
13322 
13323 
13324 
13325 
13326 
13347 
13348 
13349 
13350 
13351 
13352 
13353 
13354 
13355 
13356 
13357 
13358 
13359 
13360 
13361 
13362 
13363 
13365 
13366 
13367 
13368 
13369 
13370 
13371 
13372 
13373 
13374 
13375 
13376 
13377 
13378 
13379 
13380 
13381 
13382 
13383 
13384 
13385 
13386 
13387 
13388 
13389 
13390 
13391 
13432 
13433 
13434 
13435 
13436 
13437 
13438 
13439 
13440 
13441 
13442 
13443 
13444 
13445 
13446 
13447 
13448 
13449 
13450 
13451 
13472 
13473 
13474 
13475 
13476 
13477 
13478 
13479 
13480 
13481 
13482 
13483 
13484 
13485 
13486 
13487 
13488 
13489 
13490 
13491 
13512 
13513 
13514 
13515 
13516 
13517 
13518 
13519 
13520 
13522 
13523 
13524 
13525 
13526 
13527 
13528 
13529 
13530 
13531 
13532 
13533 
13535 
13536 
13537 
13538 
13540 
13541 
13573 
13574 
13575 
13576 
13577 
13578 
13579 
13580 
13582 
13583 
13584 
13585 
13586 
13587 
13588 
13589 
13590 
13591 
13592 
13593 
13594 
13595 
13596 
13597 
13598 
13599 
13600 
13629 
13630 
13631 
13632 
13633 
13634 
13635 
13636 
13637 
13638 
13639 
13640 
13641 
13659 
13660 
13662 
13665 
13666 
13667 
13669 
13671 
13672 
13674 
13692 
13693 
13694 
13695 
13697 
13699 
13701 
13703 
13705 
13707 
13710 
13711 
13730 
13731 
13733 
13734 
13750 
13751 
13752 
13753 
13754 
13755 
13759 
13761 
13763 
13771 
13775 
13776 
13777 
13780 
13808 
13816 
13836 
13838 
13854 
13855 
13856 
13857 
13858 
13859 
13860 
13861 
13863 
13865 
13867 
1387 
13871 
13872 
13878 
13879 
13893 
13894 
13897 
13905 
13909 
13910 
13927 
13928 
13962 
13964 
13968 
13969 
13970 
13973 
13975 
14004 
14005 
14006 
14007 
14008 
14009 
14010 
1402 
14031 
14033 
14035 
14037 
14039 
14041 
14045 
1413 
1429 
1436 
1463 
15 
150 
1502 
15160 
15161 
15165 
1518 
15216 
15217 
15221 
15222 
15223 
15224 
15225 
15226 
15227 
15228 
15229 
15230 
15231 
15232 
15233 
15234 
15235 
15236 
15237 
15238 
15239 
15240 
15241 
15242 
15244 
15269 
15283 
153 
15365 
15366 
15379 
15381 
15383 
15385 
15418 
15420 
15426 
15429 
15430 
15431 
15439 
15442 
15448 
15449 
15453 
15454 
15456 
15475 
15476 
15477 
15486 
15487 
15493 
15494 
15497 
15504 
15526 
15527 
15528 
15530 
15541 
15550 
15551 
15552 
15554 
15568 
15569 
15570 
15571 
15572 
15573 
15574 
15575 
15576 
15580 
15582 
15596 
15597 
156 
1560 
15601 
15604 
15610 
15611 
15612 
15624 
15625 
15629 
15631 
1565 
15655 
15657 
15665 
15682 
1569 
15745 
15759 
1576 
1579 
1582 
1585 
1588 
159 
1627 
1633 
1642 
166 
1660 
1670 
1685 
169 
1699 
1704 
1716 
172 
1735 
175 
1777 
178 
1787 
1800 
1817 
182 
1836 
1839 
185 
188 
19 
1906 
192 
195 
1971 
198 
201 
2011 
2014 
2038 
2042 
2046 
205 
208 
2090 
2094 
2098 
212 
2133 
2136 
216 
2173 
2176 
2180 
2184 
219 
22 
2209 
222 
225 
228 
2292 
2295 
2300 
2304 
2309 
2314 
232 
2340 
2343 
239 
243 
246 
249 
252 
255 
258 
26 
261 
264 
267 
270 
273 
276 
279 
282 
285 
288 
291 
294 
2957 
2960 
297 
2987 
2991 
30 
300 
3001 
3011 
3019 
3025 
303 
3036 
33 
3413 
36 
3664 
3685 
3706 
3710 
3714 
3717 
3746 
3757 
3786 
3789 
3814 
3821 
3826 
3872 
3877 
39 
3975 
3981 
3989 
3993 
3999 
4003 
4006 
4009 
4012 
4015 
4022 
4025 
4059 
4087 
4091 
4096 
4100 
4104 
4108 
4112 
4116 
4121 
4125 
4129 
4151 
4156 
4162 
4165 
4168 
4171 
4174 
4242 
4245 
4248 
4251 
504 
507 
512 
515 
518 
521 
524 
527 
531 
5338 
534 
5381 
539 
5399 
5404 
5407 
5410 
542 
5440 
5443 
545 
5463 
5466 
5476 
5480 
5484 
549 
5493 
5499 
552 
555 
558 
5581 
5609 
561 
5612 
5615 
5618 
5633 
564 
568 
572 
5732 
5743 
5758 
576 
5762 
5766 
5770 
580 
5825 
5829 
5833 
584 
5843 
5847 
5859 
587 
590 
5906 
5918 
5931 
607 
6126 
6133 
6139 
6149 
6152 
6167 
6171 
6176 
6199 
6203 
622 
6222 
6225 
6230 
6233 
637 
6424 
6427 
6433 
6436 
6439 
6469 
6472 
6493 
6496 
6500 
6527 
6530 
6552 
6555 
6558 
6575 
6578 
6581 
6584 
6587 
6590 
6773 
6776 
6779 
6783 
6786 
6789 
6792 
6795 
6798 
6836 
6839 
6842 
6859 
6864 
6867 
6890 
6893 
6896 
6919 
6922 
6925 
6928 
6936 
6964 
6973 
6976 
6979 
6999 
7002 
7007 
701 
7010 
7028 
7032 
7035 
7038 
7150 
7153 
7156 
7169 
7182 
7185 
7192 
7204 
7207 
7210 
7213 
7227 
7231 
7238 
7241 
7244 
7320 
7323 
7355 
7359 
7365 
7368 
7381 
7384 
7387 
7413 
7416 
7419 
7422 
7425 
7428 
7437 
7453 
7456 
7468 
7471 
7488 
7491 
7495 
7498 
7522 
7525 
7530 
7533 
7551 
7561 
7564 
7567 
7570 
7573 
7576 
7579 
7594 
7599 
7602 
7605 
7609 
7612 
7790 
7793 
7799 
7805 
7839 
7842 
7845 
7848 
7857 
7860 
7869 
7875 
7921 
7939 
7942 
7952 
7957 
7960 
7963 
7982 
7985 
7988 
7991 
7994 
7997 
8 
8000 
8003 
8006 
8013 
8023 
8044 
8047 
8061 
8087 
8090 
8093 
8096 
8099 
8102 
8108 
8165 
8169 
8172 
8175 
8178 
8182 
831 
8646 
8886 
8912 
8915 
8918 
8921 
8924 
8927 
8930 
8940 
8949 
8955 
8974 
8977 
9007 
9011 
9014 
9017 
9062 
9068 
9071 
9084 
9087 
9090 
9096 
9099 
9122 
9125 
9131 
9136 
9163 
9166 
9169 
9172 
9175 
9189 
9200 
9203 
9207 
9213 
9216 
9234 
9246 
9261 
9264 
9293 
9296 
9299 
9338 
9341 
9345 
9348 
9351 
9359 
9396 
9413 
9419 
9422 
9425 
9428 
9438 
9476 
9482 
9485 
9488 
9491 
9494 
9537 
9540 
9555 
9558 
9561 
9564 
9594 
9597 
9600 
9603 
9606 
9696 
9703 
9712 
9720 
9723 
9732 
9739 
9761 
9764 
9767 
9770 
9773 
9847 
9850 
9853 
9856 
9859 
9862 
9868 
992 
9976 
9987 
9996 
9999 
