1199
1377
1387
1402
1413
1429
1436
1463
1502
1518
1547
1593
1627
1633
1642
1660
1670
1685
1699
1704
1716
1735
1745
1777
1787
1800
1817
1836
1839
1853
1906
1911
1962
1967
1971
1975
1978
1981
2038
2042
2046
2090
2094
2098
2176
2180
2184
2188
2209
2292
2295
2300
2304
2309
2314
2336
2340
2343
2957
2960
3004
3007
3011
3016
3019
3025
3036
3706
3710
3714
3717
3757
3778
3786
3808
3814
3826
3872
3975
3981
3993
3999
4003
4006
4018
4025
4059
4087
4091
4096
4100
4104
4108
4112
4116
4121
4125
4151
4162
4168
4174
4245
4251
5326
5338
5381
5440
5443
5472
5476
5480
5484
5488
5493
5499
5581
5732
5737
5743
5748
5758
5762
5766
5770
5782
5825
5829
5833
5836
5840
5843
5847
5859
5918
5931
6097
6101
6133
6139
6152
6157
6167
6176
6199
6222
6225
6233
6424
6430
6433
6439
6469
6477
6493
6500
6527
6533
6552
6558
6575
6581
6584
6590
6773
6776
6779
6786
6789
6798
6836
6842
6859
6867
6890
6896
6919
6925
6936
6964
6973
6976
6999
7002
7010
7028
7032
7035
7150
7156
7166
7172
7179
7185
7201
7207
7227
7235
7238
7244
7355
7362
7368
7384
7390
7416
7428
7437
7456
7471
7491
7498
7525
7533
7567
7573
7599
7605
7612
7793
7805
7848
7860
7872
7921
7942
7963
8003
8006
8023
8044
8047
8061
8087
8096
8102
8108
8165
8182
8646
8886
8927
8930
8940
8949
8952
8955
9007
9011
9014
9053
9065
9071
9099
9108
9122
9131
9163
9169
9184
9207
9210
9216
9234
9258
9264
9293
9317
9341
9354
9362
9390
9396
9399
9413
9416
9419
9422
9425
9428
9476
9479
9482
9485
9488
9491
9494
9497
9537
9540